[[[915 732]]],[[[915 730]]

 [[916 730]]],[[[927 724]]

 [[927 725]]],[[[920 722]]],[[[934 696]]

 [[934 697]]],[[[932 696]]],[[[930 696]]],[[[928 690]]],[[[189 632]]],[[[191 626]]

 [[191 628]]],[[[355 541]]

 [[355 543]]],[[[218 539]]],[[[905 488]]],[[[841 485]]

 [[842 485]]],[[[ 80 291]]],[[[516 417]]],[[[630 407]]

 [[631 407]]],[[[446 399]]

 [[446 401]]],[[[866 484]]

 [[866 485]]

 [[867 484]]],[[[458 452]]

 [[458 453]]

 [[459 452]]],[[[594 410]]

 [[595 411]]

 [[595 410]]],[[[220 529]]

 [[221 530]]

 [[222 529]]],[[[448 453]]

 [[448 454]]

 [[449 454]]

 [[449 453]]],[[[323 433]]

 [[323 434]]

 [[324 434]]

 [[324 433]]],[[[945 575]]

 [[945 576]]

 [[948 576]]

 [[947 576]]

 [[946 575]]],[[[861 418]]

 [[861 420]]

 [[862 419]]

 [[862 418]]],[[[866 410]]

 [[866 411]]

 [[868 411]]

 [[867 410]]],[[[892 730]]

 [[893 729]]

 [[894 730]]

 [[893 731]]],[[[890 728]]

 [[891 727]]

 [[892 728]]

 [[891 729]]],[[[881 485]]

 [[879 487]]

 [[879 488]]

 [[878 489]]

 [[881 486]]],[[[940 469]]

 [[941 468]]

 [[942 469]]

 [[941 470]]],[[[482 435]]

 [[482 436]]

 [[484 436]]

 [[484 435]]],[[[543 417]]

 [[544 416]]

 [[545 417]]

 [[544 418]]],[[[499 417]]

 [[500 416]]

 [[501 417]]

 [[500 418]]],[[[388 406]]

 [[389 405]]

 [[390 406]]

 [[389 407]]],[[[536 394]]

 [[537 393]]

 [[538 394]]

 [[537 395]]],[[[533 394]]

 [[534 393]]

 [[535 394]]

 [[534 395]]],[[[495 392]]

 [[496 391]]

 [[497 392]]

 [[496 393]]],[[[633 344]]

 [[634 343]]

 [[635 344]]

 [[634 345]]],[[[660 342]]

 [[661 341]]

 [[662 342]]

 [[661 343]]],[[[704 340]]

 [[705 339]]

 [[706 340]]

 [[705 341]]],[[[388 330]]

 [[389 329]]

 [[390 330]]

 [[389 331]]],[[[717 321]]

 [[718 320]]

 [[719 321]]

 [[718 322]]],[[[749 320]]

 [[750 319]]

 [[751 320]]

 [[750 321]]],[[[249 256]]

 [[250 255]]

 [[251 256]]

 [[250 257]]],[[[218 532]]

 [[217 533]]

 [[217 534]]

 [[218 535]]

 [[217 536]]

 [[218 536]]

 [[218 535]]

 [[219 534]]

 [[218 533]]],[[[951 456]]

 [[952 455]]

 [[953 455]]

 [[954 456]]

 [[953 457]]

 [[952 457]]],[[[532 432]]

 [[533 431]]

 [[534 432]]

 [[534 433]]

 [[533 434]]

 [[532 433]]],[[[179 429]]

 [[180 428]]

 [[181 428]]

 [[182 429]]

 [[181 430]]

 [[180 430]]],[[[579 428]]

 [[580 427]]

 [[581 428]]

 [[581 429]]

 [[580 430]]

 [[579 429]]],[[[579 425]]

 [[580 424]]

 [[581 425]]

 [[581 426]]

 [[580 427]]

 [[579 426]]],[[[460 422]]

 [[461 421]]

 [[462 422]]

 [[462 423]]

 [[461 424]]

 [[460 423]]],[[[326 408]]

 [[327 407]]

 [[328 407]]

 [[329 408]]

 [[328 409]]

 [[327 409]]],[[[409 400]]

 [[410 399]]

 [[411 399]]

 [[412 400]]

 [[411 401]]

 [[410 401]]],[[[600 346]]

 [[601 345]]

 [[602 346]]

 [[602 347]]

 [[601 348]]

 [[600 347]]],[[[378 335]]

 [[379 334]]

 [[380 334]]

 [[381 335]]

 [[380 336]]

 [[379 336]]],[[[390 334]]

 [[391 333]]

 [[392 333]]

 [[393 334]]

 [[392 335]]

 [[391 335]]],[[[436 331]]

 [[437 330]]

 [[438 330]]

 [[439 331]]

 [[438 332]]

 [[437 332]]],[[[444 327]]

 [[445 326]]

 [[446 327]]

 [[446 328]]

 [[445 329]]

 [[444 328]]],[[[476 326]]

 [[477 325]]

 [[478 325]]

 [[479 326]]

 [[478 327]]

 [[477 327]]],[[[686 323]]

 [[687 322]]

 [[688 322]]

 [[689 323]]

 [[688 324]]

 [[687 324]]],[[[729 321]]

 [[730 320]]

 [[731 320]]

 [[732 321]]

 [[731 322]]

 [[730 322]]],[[[894 481]]

 [[894 484]]

 [[897 481]]],[[[842 433]]

 [[841 434]]

 [[839 434]]

 [[840 435]]

 [[843 435]]

 [[843 434]]],[[[830 416]]

 [[829 417]]

 [[829 418]]

 [[830 419]]

 [[831 418]]

 [[831 416]]],[[[493 393]]

 [[494 392]]

 [[495 392]]

 [[496 393]]

 [[494 395]]

 [[493 394]]],[[[402 330]]

 [[403 331]]

 [[403 332]]

 [[402 333]]

 [[401 333]]

 [[400 332]]],[[[558 391]]

 [[559 390]]

 [[560 391]]

 [[560 393]]

 [[559 394]]

 [[558 393]]],[[[611 387]]

 [[612 386]]

 [[614 386]]

 [[615 387]]

 [[614 388]]

 [[612 388]]],[[[657 325]]

 [[658 324]]

 [[660 324]]

 [[661 325]]

 [[660 326]]

 [[658 326]]],[[[860 403]]

 [[859 404]]

 [[860 405]]

 [[862 405]]

 [[863 404]]

 [[863 403]]],[[[585 426]]

 [[586 425]]

 [[587 425]]

 [[588 426]]

 [[588 427]]

 [[587 428]]

 [[586 428]]

 [[585 427]]],[[[369 403]]

 [[370 402]]

 [[371 402]]

 [[372 403]]

 [[372 404]]

 [[371 405]]

 [[370 405]]

 [[369 404]]],[[[642 346]]

 [[643 345]]

 [[644 345]]

 [[645 346]]

 [[645 347]]

 [[644 348]]

 [[643 348]]

 [[642 347]]],[[[434 327]]

 [[435 326]]

 [[436 326]]

 [[437 327]]

 [[437 328]]

 [[436 329]]

 [[435 329]]

 [[434 328]]],[[[430 295]]

 [[431 294]]

 [[432 294]]

 [[433 295]]

 [[433 296]]

 [[432 297]]

 [[431 297]]

 [[430 296]]],[[[613  13]]

 [[614  12]]

 [[615  12]]

 [[616  13]]

 [[616  14]]

 [[615  15]]

 [[614  15]]

 [[613  14]]],[[[709 322]]

 [[710 321]]

 [[713 321]]

 [[714 322]]

 [[713 323]]

 [[710 323]]],[[[449 296]]

 [[450 295]]

 [[452 295]]

 [[453 296]]

 [[451 298]]

 [[450 298]]

 [[449 297]]],[[[885 726]]

 [[886 725]]

 [[888 727]]

 [[887 728]]

 [[884 728]]

 [[883 727]]

 [[884 726]]],[[[920 699]]

 [[921 698]]

 [[922 698]]

 [[923 699]]

 [[922 700]]

 [[923 701]]

 [[922 702]]

 [[921 702]]

 [[920 701]]],[[[737 320]]

 [[738 319]]

 [[741 319]]

 [[742 320]]

 [[740 322]]

 [[739 321]]

 [[738 321]]],[[[837 445]]

 [[838 444]]

 [[840 444]]

 [[841 445]]

 [[841 446]]

 [[840 447]]

 [[838 447]]

 [[837 446]]],[[[359 434]]

 [[360 433]]

 [[362 433]]

 [[363 434]]

 [[363 435]]

 [[362 436]]

 [[360 436]]

 [[359 435]]],[[[357 430]]

 [[358 429]]

 [[360 429]]

 [[361 430]]

 [[361 431]]

 [[360 432]]

 [[358 432]]

 [[357 431]]],[[[574 423]]

 [[575 424]]

 [[575 426]]

 [[574 427]]

 [[572 427]]

 [[571 426]]],[[[453 395]]

 [[454 394]]

 [[455 394]]

 [[456 395]]

 [[456 397]]

 [[455 398]]

 [[454 398]]

 [[453 397]]],[[[367 428]]

 [[368 428]]

 [[370 430]]

 [[369 431]]

 [[368 431]]

 [[367 432]]

 [[365 430]]],[[[836 398]]

 [[833 401]]

 [[833 402]]

 [[836 402]]

 [[837 401]]

 [[837 398]]],[[[366 433]]

 [[367 432]]

 [[369 432]]

 [[371 434]]

 [[370 435]]

 [[367 435]]

 [[366 434]]],[[[708 339]]

 [[709 338]]

 [[710 339]]

 [[710 341]]

 [[709 342]]

 [[708 341]]

 [[708 342]]

 [[707 343]]

 [[706 342]]

 [[706 340]]

 [[707 339]]],[[[329 335]]

 [[330 334]]

 [[332 334]]

 [[333 335]]

 [[333 336]]

 [[331 338]]

 [[330 338]]

 [[329 337]]],[[[644 322]]

 [[646 322]]

 [[648 324]]

 [[647 325]]

 [[643 325]]

 [[642 324]]],[[[446 435]]

 [[447 436]]

 [[447 437]]

 [[446 438]]

 [[447 439]]

 [[447 440]]

 [[446 441]]

 [[445 441]]

 [[444 440]]

 [[444 437]]],[[[561 415]]

 [[562 414]]

 [[565 414]]

 [[566 415]]

 [[566 416]]

 [[564 418]]

 [[563 417]]

 [[562 417]]

 [[561 416]]],[[[524 412]]

 [[525 412]]

 [[526 413]]

 [[526 415]]

 [[525 416]]

 [[522 416]]

 [[521 415]]],[[[535 387]]

 [[536 387]]

 [[539 390]]

 [[538 391]]

 [[537 391]]

 [[536 390]]

 [[535 390]]

 [[534 391]]

 [[533 390]]

 [[533 389]]],[[[383 400]]

 [[384 400]]

 [[386 402]]

 [[386 403]]

 [[385 404]]

 [[382 404]]

 [[381 403]]

 [[381 402]]],[[[828 372]]

 [[829 371]]

 [[831 371]]

 [[833 373]]

 [[831 375]]

 [[829 375]]

 [[828 374]]],[[[468 447]]

 [[470 449]]

 [[470 450]]

 [[468 452]]

 [[466 452]]

 [[465 451]]

 [[465 450]]],[[[611 410]]

 [[612 409]]

 [[613 409]]

 [[615 411]]

 [[613 413]]

 [[610 413]]

 [[609 412]]

 [[609 411]]

 [[610 410]]],[[[466 325]]

 [[467 324]]

 [[469 326]]

 [[469 329]]

 [[468 330]]

 [[467 330]]

 [[466 329]]

 [[467 328]]

 [[466 327]]

 [[465 327]]

 [[464 326]]

 [[465 325]]],[[[831 444]]

 [[832 444]]

 [[834 446]]

 [[834 447]]

 [[832 449]]

 [[831 449]]

 [[829 447]]

 [[829 446]]],[[[875 440]]

 [[876 440]]

 [[878 442]]

 [[878 443]]

 [[876 445]]

 [[875 445]]

 [[873 443]]

 [[873 442]]],[[[548 425]]

 [[550 425]]

 [[552 427]]

 [[552 428]]

 [[551 429]]

 [[550 428]]

 [[549 428]]

 [[548 429]]

 [[547 429]]

 [[546 428]]

 [[546 427]]],[[[595  23]]

 [[596  22]]

 [[597  22]]

 [[600  25]]

 [[598  27]]

 [[596  27]]

 [[595  26]]],[[[443 417]]

 [[444 416]]

 [[447 416]]

 [[448 417]]

 [[448 419]]

 [[447 420]]

 [[444 420]]

 [[443 419]]],[[[563 409]]

 [[565 409]]

 [[567 411]]

 [[567 412]]

 [[566 413]]

 [[565 413]]

 [[564 412]]

 [[563 413]]

 [[562 413]]

 [[561 412]]

 [[561 411]]],[[[596 388]]

 [[597 387]]

 [[598 388]]

 [[599 388]]

 [[600 387]]

 [[601 387]]

 [[602 388]]

 [[602 390]]

 [[600 392]]

 [[599 391]]

 [[598 391]]

 [[596 389]]],[[[506 416]]

 [[507 416]]

 [[508 417]]

 [[508 419]]

 [[509 420]]

 [[507 422]]

 [[506 422]]

 [[504 420]]

 [[504 418]]],[[[492 396]]

 [[493 395]]

 [[494 395]]

 [[495 396]]

 [[498 396]]

 [[499 397]]

 [[499 398]]

 [[498 399]]

 [[497 399]]

 [[496 400]]

 [[495 399]]

 [[494 399]]

 [[493 398]]

 [[493 397]]],[[[608 381]]

 [[611 381]]

 [[613 383]]

 [[613 384]]

 [[612 385]]

 [[611 385]]

 [[610 384]]

 [[609 384]]

 [[608 385]]

 [[607 385]]

 [[606 384]]

 [[606 383]]],[[[426 327]]

 [[427 326]]

 [[429 328]]

 [[429 332]]

 [[428 333]]

 [[427 333]]

 [[426 332]]

 [[426 330]]

 [[424 328]]

 [[425 327]]],[[[403 399]]

 [[408 399]]

 [[409 400]]

 [[409 401]]

 [[408 402]]

 [[404 402]]

 [[403 403]]

 [[401 401]]],[[[596 344]]

 [[597 343]]

 [[599 343]]

 [[600 344]]

 [[600 349]]

 [[599 350]]

 [[598 350]]

 [[597 349]]

 [[597 346]]

 [[596 345]]],[[[413 329]]

 [[414 328]]

 [[418 328]]

 [[419 329]]

 [[419 332]]

 [[417 334]]

 [[416 334]]

 [[415 333]]

 [[415 332]]

 [[416 331]]

 [[417 331]]

 [[417 330]]

 [[414 330]]],[[[454 327]]

 [[455 326]]

 [[458 326]]

 [[459 327]]

 [[459 328]]

 [[460 329]]

 [[460 330]]

 [[458 332]]

 [[457 332]]

 [[455 330]]

 [[456 329]]

 [[456 328]]

 [[455 328]]],[[[619 404]]

 [[622 404]]

 [[624 406]]

 [[624 407]]

 [[623 408]]

 [[618 408]]

 [[617 407]]

 [[617 406]]],[[[695 320]]

 [[697 320]]

 [[698 321]]

 [[698 322]]

 [[699 322]]

 [[700 323]]

 [[700 324]]

 [[699 325]]

 [[695 325]]

 [[693 323]]

 [[693 322]]],[[[671 340]]

 [[672 339]]

 [[677 339]]

 [[678 340]]

 [[678 342]]

 [[675 345]]

 [[674 345]]

 [[673 344]]

 [[673 342]]],[[[591 381]]

 [[592 380]]

 [[593 381]]

 [[593 382]]

 [[594 382]]

 [[595 383]]

 [[595 388]]

 [[593 390]]

 [[592 389]]

 [[592 387]]

 [[591 386]]],[[[465 418]]

 [[469 418]]

 [[470 419]]

 [[468 421]]

 [[467 421]]

 [[467 422]]

 [[468 423]]

 [[467 424]]

 [[464 424]]

 [[463 423]]

 [[463 420]]],[[[745 337]]

 [[748 337]]

 [[749 338]]

 [[749 340]]

 [[750 341]]

 [[749 342]]

 [[748 342]]

 [[747 343]]

 [[746 342]]

 [[744 342]]

 [[743 341]]

 [[743 339]]],[[[518 429]]

 [[519 428]]

 [[520 429]]

 [[520 431]]

 [[521 432]]

 [[521 435]]

 [[517 439]]

 [[516 439]]

 [[515 438]]

 [[515 437]]

 [[517 435]]

 [[518 435]]],[[[894 721]]

 [[895 720]]

 [[897 720]]

 [[898 721]]

 [[897 722]]

 [[897 723]]

 [[896 724]]

 [[895 724]]

 [[896 725]]

 [[895 726]]

 [[894 726]]

 [[894 728]]

 [[893 729]]

 [[892 728]]

 [[892 727]]

 [[891 726]]

 [[891 724]]

 [[893 722]]

 [[894 722]]],[[[362 538]]

 [[360 540]]

 [[360 543]]

 [[362 545]]

 [[362 546]]

 [[364 546]]

 [[364 545]]

 [[365 544]]

 [[365 540]]

 [[363 538]]],[[[118 409]]

 [[117 410]]

 [[103 410]]

 [[103 412]]

 [[104 413]]

 [[105 413]]

 [[106 412]]

 [[115 412]]

 [[116 411]]

 [[117 411]]

 [[118 410]]

 [[119 410]]

 [[119 409]]],[[[572 405]]

 [[573 405]]

 [[574 406]]

 [[574 410]]

 [[572 412]]

 [[571 412]]

 [[570 413]]

 [[569 413]]

 [[568 412]]

 [[568 411]]

 [[569 410]]

 [[569 408]]],[[[451 417]]

 [[452 416]]

 [[455 416]]

 [[457 418]]

 [[458 418]]

 [[459 419]]

 [[459 421]]

 [[458 422]]

 [[457 421]]

 [[456 421]]

 [[455 422]]

 [[454 422]]

 [[453 421]]

 [[453 420]]

 [[451 418]]],[[[643  20]]

 [[644  19]]

 [[645  20]]

 [[645  26]]

 [[643  28]]

 [[641  28]]

 [[639  26]]

 [[639  25]]

 [[641  23]]

 [[642  23]]

 [[642  22]]

 [[643  21]]],[[[405 327]]

 [[407 327]]

 [[409 329]]

 [[409 331]]

 [[408 332]]

 [[408 333]]

 [[407 334]]

 [[405 334]]

 [[403 332]]

 [[403 329]]],[[[609 344]]

 [[612 344]]

 [[614 346]]

 [[613 347]]

 [[613 349]]

 [[612 350]]

 [[608 350]]

 [[607 349]]

 [[607 346]]],[[[626 344]]

 [[627 343]]

 [[631 343]]

 [[633 345]]

 [[632 346]]

 [[632 347]]

 [[630 349]]

 [[627 349]]

 [[626 348]]],[[[352 331]]

 [[353 330]]

 [[354 330]]

 [[356 332]]

 [[354 334]]

 [[355 334]]

 [[357 336]]

 [[356 337]]

 [[352 337]]

 [[350 335]]

 [[350 332]]

 [[351 331]]],[[[716 338]]

 [[719 338]]

 [[721 340]]

 [[720 341]]

 [[721 342]]

 [[721 343]]

 [[720 344]]

 [[716 344]]

 [[714 342]]

 [[714 340]]],[[[307 335]]

 [[311 335]]

 [[312 336]]

 [[312 337]]

 [[311 338]]

 [[312 339]]

 [[310 341]]

 [[307 341]]

 [[305 339]]

 [[305 337]]],[[[699 339]]

 [[703 339]]

 [[705 341]]

 [[704 342]]

 [[705 343]]

 [[705 344]]

 [[704 345]]

 [[701 345]]

 [[700 344]]

 [[699 344]]

 [[698 343]]

 [[698 342]]

 [[697 341]]],[[[342 331]]

 [[345 331]]

 [[347 333]]

 [[346 334]]

 [[346 337]]

 [[345 338]]

 [[342 338]]

 [[340 336]]

 [[341 335]]

 [[341 334]]

 [[340 333]]],[[[581 405]]

 [[583 405]]

 [[585 407]]

 [[585 411]]

 [[583 413]]

 [[582 413]]

 [[579 410]]

 [[579 407]]],[[[868 395]]

 [[867 396]]

 [[864 396]]

 [[863 397]]

 [[864 397]]

 [[867 400]]

 [[867 401]]

 [[868 401]]

 [[869 402]]

 [[871 402]]

 [[871 399]]

 [[873 397]]

 [[873 396]]

 [[871 396]]

 [[870 395]]],[[[336 406]]

 [[337 405]]

 [[338 405]]

 [[339 406]]

 [[340 406]]

 [[341 407]]

 [[341 408]]

 [[340 409]]

 [[341 410]]

 [[339 412]]

 [[336 412]]

 [[334 410]]

 [[334 407]]

 [[335 406]]],[[[652 341]]

 [[655 341]]

 [[657 343]]

 [[656 344]]

 [[656 345]]

 [[657 346]]

 [[655 348]]

 [[653 348]]

 [[652 347]]

 [[651 347]]

 [[650 346]]

 [[650 343]]],[[[718 399]]

 [[719 398]]

 [[722 398]]

 [[723 399]]

 [[723 403]]

 [[722 404]]

 [[722 405]]

 [[719 408]]

 [[718 407]]],[[[745 409]]

 [[748 409]]

 [[751 412]]

 [[751 413]]

 [[750 414]]

 [[749 414]]

 [[748 413]]

 [[747 413]]

 [[745 415]]

 [[744 415]]

 [[743 416]]

 [[741 414]]

 [[741 413]]],[[[503 390]]

 [[508 390]]

 [[509 391]]

 [[509 392]]

 [[508 393]]

 [[506 393]]

 [[504 395]]

 [[503 395]]

 [[503 397]]

 [[502 398]]

 [[499 395]]

 [[499 394]]],[[[317 407]]

 [[321 407]]

 [[323 409]]

 [[322 410]]

 [[322 413]]

 [[321 414]]

 [[318 414]]

 [[316 412]]

 [[316 411]]

 [[315 410]]

 [[315 409]]],[[[485 390]]

 [[486 389]]

 [[489 392]]

 [[489 396]]

 [[490 397]]

 [[490 398]]

 [[487 401]]

 [[486 401]]

 [[485 400]]

 [[485 398]]

 [[486 397]]

 [[486 395]]

 [[484 393]]

 [[484 392]]

 [[485 391]]],[[[630  19]]

 [[631  19]]

 [[632  20]]

 [[632  22]]

 [[635  25]]

 [[635  26]]

 [[632  29]]

 [[630  29]]

 [[629  28]]

 [[629  22]]

 [[628  21]]],[[[530 412]]

 [[532 412]]

 [[534 414]]

 [[534 416]]

 [[535 416]]

 [[535 415]]

 [[536 414]]

 [[537 415]]

 [[537 417]]

 [[536 418]]

 [[535 418]]

 [[533 420]]

 [[531 420]]

 [[529 418]]

 [[529 417]]

 [[530 416]]

 [[530 415]]

 [[529 415]]

 [[528 414]]],[[[523 428]]

 [[526 428]]

 [[528 430]]

 [[528 434]]

 [[527 435]]

 [[526 435]]

 [[525 436]]

 [[523 436]]

 [[521 434]]

 [[521 433]]

 [[522 432]]

 [[522 431]]

 [[521 430]]],[[[306 404]]

 [[307 405]]

 [[308 405]]

 [[309 406]]

 [[310 406]]

 [[311 407]]

 [[311 409]]

 [[312 410]]

 [[310 412]]

 [[308 412]]

 [[307 413]]

 [[305 411]]

 [[305 409]]

 [[303 407]]],[[[577  44]]

 [[578  43]]

 [[581  43]]

 [[582  44]]

 [[583  44]]

 [[584  45]]

 [[584  46]]

 [[581  49]]

 [[576  49]]

 [[574  47]]

 [[574  46]]

 [[576  44]]],[[[538 426]]

 [[540 426]]

 [[543 429]]

 [[543 432]]

 [[541 434]]

 [[538 434]]

 [[537 433]]

 [[536 433]]

 [[535 432]]

 [[537 430]]

 [[536 429]]

 [[536 428]]],[[[741 395]]

 [[743 395]]

 [[745 397]]

 [[745 398]]

 [[746 399]]

 [[746 400]]

 [[742 404]]

 [[741 404]]

 [[738 401]]

 [[738 400]]

 [[739 399]]

 [[740 399]]

 [[740 398]]

 [[739 397]]],[[[182 623]]

 [[181 624]]

 [[181 625]]

 [[178 628]]

 [[178 630]]

 [[179 631]]

 [[179 632]]

 [[185 632]]

 [[186 633]]

 [[186 631]]

 [[187 630]]

 [[187 629]]

 [[188 628]]

 [[187 628]]

 [[186 629]]

 [[184 627]]

 [[183 627]]

 [[182 626]]

 [[183 625]]

 [[183 624]]],[[[348 431]]

 [[349 430]]

 [[352 430]]

 [[354 432]]

 [[353 433]]

 [[353 434]]

 [[354 435]]

 [[352 437]]

 [[351 437]]

 [[350 438]]

 [[349 438]]

 [[346 435]]

 [[346 432]]

 [[347 431]]],[[[723 397]]

 [[724 396]]

 [[729 396]]

 [[731 398]]

 [[730 399]]

 [[731 400]]

 [[732 400]]

 [[733 399]]

 [[734 400]]

 [[734 402]]

 [[733 403]]

 [[731 403]]

 [[730 404]]

 [[729 404]]

 [[727 402]]

 [[727 399]]

 [[725 399]]

 [[724 400]]

 [[723 399]]],[[[313 426]]

 [[315 428]]

 [[315 430]]

 [[317 432]]

 [[317 435]]

 [[316 436]]

 [[315 436]]

 [[314 435]]

 [[312 435]]

 [[311 436]]

 [[310 435]]

 [[310 434]]

 [[309 433]]

 [[310 432]]

 [[310 429]]],[[[455 434]]

 [[459 434]]

 [[460 435]]

 [[460 436]]

 [[461 437]]

 [[461 439]]

 [[458 442]]

 [[456 442]]

 [[455 441]]

 [[453 441]]

 [[452 440]]

 [[452 439]]

 [[453 438]]

 [[454 438]]

 [[454 437]]

 [[453 436]]],[[[514 414]]

 [[515 413]]

 [[517 413]]

 [[519 415]]

 [[519 416]]

 [[518 417]]

 [[519 418]]

 [[519 419]]

 [[518 420]]

 [[516 420]]

 [[515 421]]

 [[514 420]]

 [[513 420]]

 [[512 419]]

 [[512 418]]

 [[510 418]]

 [[509 417]]

 [[509 416]]

 [[511 414]]],[[[468 433]]

 [[469 432]]

 [[473 432]]

 [[475 434]]

 [[473 436]]

 [[472 436]]

 [[472 437]]

 [[471 438]]

 [[469 438]]

 [[468 437]]

 [[468 436]]

 [[466 436]]

 [[466 437]]

 [[465 438]]

 [[463 438]]

 [[462 437]]

 [[462 435]]

 [[464 433]]],[[[600 421]]

 [[603 421]]

 [[606 424]]

 [[606 427]]

 [[603 430]]

 [[602 430]]

 [[601 429]]

 [[600 429]]

 [[598 427]]

 [[598 426]]

 [[599 425]]

 [[599 424]]

 [[598 423]]],[[[393 399]]

 [[394 399]]

 [[395 400]]

 [[396 400]]

 [[397 401]]

 [[397 402]]

 [[398 403]]

 [[398 407]]

 [[397 408]]

 [[393 408]]

 [[392 407]]

 [[391 407]]

 [[390 406]]

 [[390 405]]

 [[391 404]]

 [[391 401]]],[[[548 385]]

 [[549 384]]

 [[553 384]]

 [[554 385]]

 [[554 387]]

 [[555 388]]

 [[555 391]]

 [[556 392]]

 [[555 393]]

 [[551 393]]

 [[550 394]]

 [[549 394]]

 [[548 393]]

 [[549 392]]

 [[549 386]]],[[[693 337]]

 [[694 337]]

 [[695 338]]

 [[695 339]]

 [[694 340]]

 [[694 341]]

 [[693 342]]

 [[690 342]]

 [[689 343]]

 [[689 345]]

 [[688 346]]

 [[686 346]]

 [[685 345]]

 [[683 345]]

 [[682 344]]

 [[683 343]]

 [[683 341]]

 [[685 339]]

 [[686 339]]

 [[687 340]]

 [[691 340]]

 [[691 339]]],[[[162 251]]

 [[160 253]]

 [[160 257]]

 [[161 258]]

 [[161 259]]

 [[162 259]]

 [[163 260]]

 [[164 260]]

 [[167 257]]

 [[167 256]]

 [[168 255]]

 [[168 253]]

 [[166 251]]],[[[867 421]]

 [[867 422]]

 [[866 423]]

 [[866 427]]

 [[865 428]]

 [[863 428]]

 [[861 426]]

 [[860 426]]

 [[859 425]]

 [[858 425]]

 [[857 426]]

 [[853 426]]

 [[853 427]]

 [[854 428]]

 [[858 428]]

 [[859 429]]

 [[863 429]]

 [[864 428]]

 [[865 428]]

 [[866 429]]

 [[868 429]]

 [[869 428]]

 [[870 428]]

 [[871 427]]

 [[871 424]]

 [[869 422]]

 [[868 422]]],[[[798 403]]

 [[799 402]]

 [[800 402]]

 [[803 405]]

 [[807 405]]

 [[809 407]]

 [[809 408]]

 [[810 409]]

 [[810 410]]

 [[807 413]]

 [[806 412]]

 [[805 412]]

 [[803 410]]

 [[803 409]]

 [[800 406]]

 [[799 406]]

 [[798 405]]],[[[527 387]]

 [[529 387]]

 [[530 388]]

 [[530 389]]

 [[531 389]]

 [[532 390]]

 [[532 393]]

 [[531 394]]

 [[530 394]]

 [[529 393]]

 [[528 394]]

 [[527 394]]

 [[526 393]]

 [[523 393]]

 [[523 394]]

 [[522 395]]

 [[519 392]]

 [[519 390]]

 [[521 388]]

 [[522 388]]

 [[523 389]]

 [[525 389]]],[[[563 420]]

 [[564 421]]

 [[565 421]]

 [[568 424]]

 [[568 428]]

 [[569 429]]

 [[566 432]]

 [[565 431]]

 [[564 431]]

 [[563 432]]

 [[561 430]]

 [[561 422]]],[[[816 377]]

 [[815 378]]

 [[818 381]]

 [[818 387]]

 [[817 388]]

 [[817 389]]

 [[815 391]]

 [[814 391]]

 [[813 392]]

 [[807 392]]

 [[804 389]]

 [[804 382]]

 [[807 379]]

 [[807 378]]

 [[804 378]]

 [[803 379]]

 [[803 392]]

 [[804 393]]

 [[814 393]]

 [[815 392]]

 [[818 392]]

 [[819 391]]

 [[819 380]]

 [[820 379]]

 [[820 378]]

 [[819 377]]],[[[850 433]]

 [[850 435]]

 [[852 437]]

 [[852 440]]

 [[853 441]]

 [[863 441]]

 [[865 439]]

 [[864 439]]

 [[862 437]]

 [[861 437]]

 [[860 436]]

 [[857 436]]

 [[854 433]]],[[[592 421]]

 [[593 421]]

 [[594 422]]

 [[595 422]]

 [[597 424]]

 [[597 425]]

 [[598 426]]

 [[598 427]]

 [[596 429]]

 [[595 428]]

 [[595 425]]

 [[595 428]]

 [[596 429]]

 [[596 430]]

 [[593 433]]

 [[592 433]]

 [[591 432]]

 [[590 432]]

 [[589 431]]

 [[589 430]]

 [[590 429]]

 [[589 428]]

 [[589 427]]

 [[590 426]]

 [[591 427]]

 [[592 426]]

 [[592 425]]

 [[591 425]]

 [[590 426]]

 [[589 425]]

 [[589 424]]],[[[695 398]]

 [[698 398]]

 [[700 400]]

 [[700 401]]

 [[702 403]]

 [[699 406]]

 [[698 406]]

 [[697 407]]

 [[695 407]]

 [[693 405]]

 [[692 405]]

 [[691 406]]

 [[690 406]]

 [[688 404]]

 [[690 402]]

 [[691 402]]

 [[692 403]]

 [[693 402]]

 [[693 400]]],[[[679 398]]

 [[681 398]]

 [[682 399]]

 [[683 399]]

 [[684 398]]

 [[687 398]]

 [[690 401]]

 [[690 402]]

 [[689 403]]

 [[685 403]]

 [[685 404]]

 [[684 405]]

 [[682 405]]

 [[681 406]]

 [[680 406]]

 [[679 405]]

 [[679 404]]

 [[678 404]]

 [[676 402]]

 [[676 401]]],[[[228 523]]

 [[225 526]]

 [[225 530]]

 [[228 530]]

 [[229 529]]

 [[235 529]]

 [[239 525]]

 [[239 524]]

 [[238 523]]],[[[704 397]]

 [[705 396]]

 [[706 397]]

 [[706 399]]

 [[707 400]]

 [[707 401]]

 [[708 401]]

 [[707 400]]

 [[707 399]]

 [[709 397]]

 [[712 397]]

 [[714 399]]

 [[714 403]]

 [[711 406]]

 [[709 406]]

 [[708 405]]

 [[705 405]]

 [[704 404]]],[[[541 409]]

 [[542 408]]

 [[543 408]]

 [[544 409]]

 [[545 409]]

 [[546 410]]

 [[546 411]]

 [[547 411]]

 [[548 412]]

 [[552 412]]

 [[553 413]]

 [[553 415]]

 [[552 416]]

 [[552 419]]

 [[551 420]]

 [[550 420]]

 [[549 421]]

 [[548 420]]

 [[548 415]]

 [[546 413]]

 [[545 413]]

 [[543 415]]

 [[542 415]]

 [[541 414]]

 [[540 414]]

 [[539 413]]

 [[539 410]]

 [[540 409]]],[[[357 404]]

 [[358 403]]

 [[364 403]]

 [[365 404]]

 [[365 405]]

 [[364 406]]

 [[365 407]]

 [[365 408]]

 [[363 410]]

 [[360 410]]

 [[358 408]]

 [[355 408]]

 [[355 409]]

 [[352 412]]

 [[349 409]]

 [[349 407]]

 [[350 406]]

 [[352 406]]

 [[353 405]]

 [[355 405]]

 [[356 404]]],[[[870 373]]

 [[868 375]]

 [[869 375]]

 [[870 376]]

 [[870 377]]

 [[871 378]]

 [[871 384]]

 [[867 388]]

 [[860 388]]

 [[857 385]]

 [[857 380]]

 [[858 379]]

 [[858 377]]

 [[859 376]]

 [[859 375]]

 [[858 374]]

 [[857 374]]

 [[856 375]]

 [[856 377]]

 [[855 378]]

 [[855 389]]

 [[856 390]]

 [[861 390]]

 [[862 389]]

 [[870 389]]

 [[872 387]]

 [[872 375]]],[[[203 612]]

 [[201 614]]

 [[199 614]]

 [[199 616]]

 [[198 617]]

 [[199 618]]

 [[199 620]]

 [[198 621]]

 [[197 621]]

 [[198 621]]

 [[199 620]]

 [[201 622]]

 [[202 622]]

 [[203 623]]

 [[206 623]]

 [[207 622]]

 [[207 620]]

 [[208 619]]

 [[208 616]]

 [[209 615]]

 [[209 613]]

 [[207 613]]

 [[206 612]]],[[[185 277]]

 [[184 278]]

 [[183 278]]

 [[182 279]]

 [[180 279]]

 [[180 281]]

 [[182 281]]

 [[183 282]]

 [[185 282]]

 [[186 283]]

 [[187 282]]

 [[188 283]]

 [[193 283]]

 [[194 282]]

 [[198 282]]

 [[199 281]]

 [[202 281]]

 [[202 280]]

 [[201 279]]

 [[199 279]]

 [[198 278]]

 [[190 278]]

 [[189 277]]],[[[611 403]]

 [[612 402]]

 [[613 403]]

 [[614 403]]

 [[615 404]]

 [[614 405]]

 [[614 406]]

 [[616 406]]

 [[617 407]]

 [[616 408]]

 [[614 408]]

 [[613 409]]

 [[612 409]]

 [[611 408]]

 [[605 408]]

 [[605 413]]

 [[604 414]]

 [[601 411]]

 [[602 410]]

 [[600 408]]

 [[601 407]]

 [[601 405]]

 [[603 403]]],[[[490 415]]

 [[493 415]]

 [[495 417]]

 [[496 416]]

 [[498 416]]

 [[499 417]]

 [[499 421]]

 [[498 422]]

 [[496 422]]

 [[495 421]]

 [[495 420]]

 [[494 420]]

 [[493 419]]

 [[491 419]]

 [[490 420]]

 [[489 420]]

 [[489 422]]

 [[488 423]]

 [[486 423]]

 [[485 424]]

 [[481 424]]

 [[479 422]]

 [[479 421]]

 [[480 420]]

 [[481 421]]

 [[483 421]]

 [[484 420]]

 [[485 420]]

 [[485 417]]

 [[486 416]]

 [[487 416]]

 [[488 417]]],[[[604  17]]

 [[605  16]]

 [[607  16]]

 [[608  17]]

 [[608  19]]

 [[609  20]]

 [[609  25]]

 [[608  26]]

 [[608  28]]

 [[607  29]]

 [[607  30]]

 [[606  31]]

 [[606  32]]

 [[605  33]]

 [[603  33]]

 [[602  32]]

 [[602  28]]

 [[601  27]]

 [[601  24]]

 [[602  23]]

 [[602  21]]

 [[603  20]]

 [[603  19]]

 [[604  18]]],[[[589 407]]

 [[590 406]]

 [[592 408]]

 [[594 406]]

 [[596 406]]

 [[599 409]]

 [[598 410]]

 [[599 411]]

 [[599 412]]

 [[597 414]]

 [[596 414]]

 [[595 415]]

 [[594 414]]

 [[593 414]]

 [[592 413]]

 [[591 414]]

 [[590 414]]

 [[589 415]]

 [[587 415]]

 [[585 413]]

 [[585 408]]

 [[586 407]]

 [[587 407]]

 [[588 408]]

 [[589 408]]],[[[471 392]]

 [[474 392]]

 [[477 395]]

 [[475 397]]

 [[474 396]]

 [[472 396]]

 [[471 397]]

 [[470 397]]

 [[470 400]]

 [[469 401]]

 [[467 401]]

 [[465 403]]

 [[464 403]]

 [[463 402]]

 [[462 403]]

 [[460 401]]

 [[460 399]]

 [[461 398]]

 [[462 398]]

 [[460 396]]

 [[460 395]]

 [[461 394]]

 [[465 394]]

 [[467 396]]],[[[728 410]]

 [[729 409]]

 [[731 409]]

 [[732 410]]

 [[732 411]]

 [[733 412]]

 [[733 413]]

 [[734 414]]

 [[734 415]]

 [[734 412]]

 [[736 410]]

 [[738 410]]

 [[741 413]]

 [[741 416]]

 [[738 419]]

 [[736 419]]

 [[735 418]]

 [[733 418]]

 [[732 419]]

 [[731 419]]

 [[730 418]]

 [[728 418]]

 [[727 417]]

 [[727 415]]

 [[726 414]]

 [[728 412]]],[[[442 391]]

 [[445 391]]

 [[446 392]]

 [[447 392]]

 [[449 394]]

 [[449 399]]

 [[450 400]]

 [[450 401]]

 [[447 404]]

 [[446 404]]

 [[445 405]]

 [[443 405]]

 [[440 402]]

 [[440 393]]],[[[669 415]]

 [[672 415]]

 [[673 416]]

 [[676 416]]

 [[677 417]]

 [[677 418]]

 [[675 420]]

 [[674 419]]

 [[670 419]]

 [[669 420]]

 [[667 420]]

 [[667 422]]

 [[666 423]]

 [[664 421]]

 [[664 419]]

 [[664 422]]

 [[663 423]]

 [[660 423]]

 [[659 424]]

 [[658 423]]

 [[657 423]]

 [[656 422]]

 [[655 422]]

 [[654 423]]

 [[653 422]]

 [[653 420]]

 [[654 419]]

 [[656 419]]

 [[656 418]]

 [[658 416]]

 [[663 416]]

 [[664 417]]

 [[667 417]]],[[[818 428]]

 [[817 429]]

 [[806 429]]

 [[804 431]]

 [[804 440]]

 [[805 441]]

 [[805 444]]

 [[806 445]]

 [[811 445]]

 [[811 444]]

 [[812 443]]

 [[809 443]]

 [[806 440]]

 [[806 434]]

 [[809 431]]

 [[817 431]]

 [[818 432]]

 [[818 433]]

 [[819 434]]

 [[819 441]]

 [[817 443]]

 [[817 444]]

 [[820 444]]

 [[822 442]]

 [[822 437]]

 [[821 436]]

 [[821 430]]

 [[819 428]]],[[[575 383]]

 [[576 384]]

 [[578 384]]

 [[579 385]]

 [[579 386]]

 [[578 387]]

 [[577 386]]

 [[576 387]]

 [[576 390]]

 [[575 391]]

 [[574 391]]

 [[572 393]]

 [[570 393]]

 [[569 394]]

 [[566 394]]

 [[565 393]]

 [[561 393]]

 [[560 392]]

 [[560 388]]

 [[561 387]]

 [[562 388]]

 [[562 389]]

 [[564 389]]

 [[564 387]]

 [[566 385]]

 [[569 385]]

 [[570 386]]

 [[572 386]]],[[[692 411]]

 [[694 413]]

 [[695 413]]

 [[696 414]]

 [[696 416]]

 [[695 417]]

 [[690 417]]

 [[690 420]]

 [[689 421]]

 [[685 421]]

 [[683 419]]

 [[682 420]]

 [[682 423]]

 [[679 426]]

 [[677 424]]

 [[677 423]]

 [[678 422]]

 [[678 421]]

 [[677 420]]

 [[677 417]]

 [[678 416]]

 [[682 416]]

 [[683 415]]

 [[683 414]]

 [[685 412]]

 [[686 413]]

 [[686 415]]

 [[687 415]]

 [[687 414]]

 [[688 413]]

 [[690 413]]],[[[712 408]]

 [[714 408]]

 [[715 409]]

 [[715 414]]

 [[716 415]]

 [[717 414]]

 [[718 414]]

 [[721 411]]

 [[724 411]]

 [[725 412]]

 [[726 412]]

 [[727 413]]

 [[726 414]]

 [[726 417]]

 [[725 418]]

 [[723 418]]

 [[722 419]]

 [[716 419]]

 [[715 420]]

 [[713 420]]

 [[711 418]]

 [[711 416]]

 [[708 413]]

 [[708 412]]],[[[324 428]]

 [[325 428]]

 [[327 430]]

 [[327 433]]

 [[329 431]]

 [[330 432]]

 [[331 432]]

 [[332 431]]

 [[333 431]]

 [[334 432]]

 [[334 434]]

 [[334 433]]

 [[335 432]]

 [[336 433]]

 [[339 433]]

 [[340 434]]

 [[340 437]]

 [[339 438]]

 [[338 437]]

 [[337 437]]

 [[336 438]]

 [[332 438]]

 [[331 437]]

 [[331 436]]

 [[330 436]]

 [[329 437]]

 [[327 437]]

 [[326 438]]

 [[323 438]]

 [[321 436]]

 [[320 436]]

 [[319 437]]

 [[317 435]]

 [[317 434]]

 [[319 432]]

 [[320 432]]],[[[194 626]]

 [[195 627]]

 [[194 628]]

 [[193 628]]

 [[193 629]]

 [[192 630]]

 [[192 633]]

 [[193 634]]

 [[195 634]]

 [[196 635]]

 [[196 643]]

 [[198 643]]

 [[199 642]]

 [[202 642]]

 [[203 641]]

 [[203 637]]

 [[204 636]]

 [[204 630]]

 [[203 629]]

 [[200 629]]

 [[197 626]]],[[[449 449]]

 [[450 448]]

 [[452 450]]

 [[456 450]]

 [[457 449]]

 [[458 449]]

 [[459 448]]

 [[460 449]]

 [[461 449]]

 [[464 452]]

 [[464 453]]

 [[461 456]]

 [[460 456]]

 [[459 457]]

 [[458 456]]

 [[457 456]]

 [[456 455]]

 [[455 455]]

 [[450 460]]

 [[449 459]]

 [[448 459]]

 [[446 457]]

 [[446 456]]

 [[445 455]]

 [[445 454]]

 [[444 453]]

 [[444 452]]

 [[446 450]]

 [[447 450]]

 [[448 449]]],[[[264 617]]

 [[263 618]]

 [[258 618]]

 [[256 620]]

 [[256 622]]

 [[255 623]]

 [[255 625]]

 [[254 626]]

 [[254 634]]

 [[255 634]]

 [[257 636]]

 [[257 637]]

 [[258 637]]

 [[258 631]]

 [[261 628]]

 [[262 629]]

 [[264 629]]

 [[264 628]]

 [[265 627]]

 [[265 626]]

 [[266 625]]

 [[266 623]]

 [[267 622]]

 [[267 618]]

 [[266 617]]],[[[482 431]]

 [[483 430]]

 [[486 433]]

 [[487 432]]

 [[491 432]]

 [[492 433]]

 [[491 434]]

 [[490 434]]

 [[491 434]]

 [[492 435]]

 [[494 435]]

 [[494 433]]

 [[495 432]]

 [[496 432]]

 [[497 431]]

 [[499 431]]

 [[500 430]]

 [[503 430]]

 [[505 432]]

 [[504 433]]

 [[504 434]]

 [[505 435]]

 [[503 437]]

 [[502 437]]

 [[500 435]]

 [[500 433]]

 [[499 433]]

 [[499 434]]

 [[498 435]]

 [[498 436]]

 [[496 438]]

 [[494 438]]

 [[493 439]]

 [[491 437]]

 [[487 437]]

 [[486 438]]

 [[485 438]]

 [[484 439]]

 [[484 440]]

 [[482 442]]

 [[481 442]]

 [[479 440]]

 [[479 439]]

 [[477 437]]

 [[477 436]]

 [[478 435]]

 [[478 434]]

 [[481 431]]],[[[914 480]]

 [[914 481]]

 [[915 482]]

 [[916 482]]

 [[918 484]]

 [[918 485]]

 [[919 485]]

 [[921 487]]

 [[921 488]]

 [[922 489]]

 [[923 489]]

 [[928 484]]

 [[929 484]]

 [[931 482]]

 [[934 482]]

 [[936 484]]

 [[937 484]]

 [[938 485]]

 [[940 485]]

 [[941 486]]

 [[942 486]]

 [[943 487]]

 [[945 487]]

 [[946 488]]

 [[948 488]]

 [[949 489]]

 [[950 489]]

 [[951 490]]

 [[952 490]]

 [[953 491]]

 [[955 491]]

 [[956 492]]

 [[957 492]]

 [[958 493]]

 [[959 493]]

 [[960 494]]

 [[962 494]]

 [[963 495]]

 [[965 495]]

 [[966 496]]

 [[968 496]]

 [[969 497]]

 [[970 497]]

 [[971 498]]

 [[973 498]]

 [[974 499]]

 [[976 499]]

 [[977 500]]

 [[977 488]]

 [[973 488]]

 [[972 487]]

 [[969 487]]

 [[968 486]]

 [[965 486]]

 [[964 485]]

 [[961 485]]

 [[960 484]]

 [[956 484]]

 [[955 483]]

 [[950 483]]

 [[949 482]]

 [[943 482]]

 [[942 481]]

 [[930 481]]

 [[929 480]]

 [[928 481]]

 [[919 481]]

 [[918 480]]],