[[915 732]]
[[915 730]]
[[916 730]]
[[927 724]]
[[927 725]]
[[920 722]]
[[934 696]]
[[934 697]]
[[932 696]]
[[930 696]]
[[928 690]]
[[189 632]]
[[191 626]]
[[191 628]]
[[355 541]]
[[355 543]]
[[218 539]]
[[905 488]]
[[841 485]]
[[842 485]]
[[ 80 291]]
[[516 417]]
[[630 407]]
[[631 407]]
[[446 399]]
[[446 401]]
[[866 484]]
[[866 485]]
[[867 484]]
[[458 452]]
[[458 453]]
[[459 452]]
[[594 410]]
[[595 411]]
[[595 410]]
[[220 529]]
[[221 530]]
[[222 529]]
[[448 453]]
[[448 454]]
[[449 454]]
[[449 453]]
[[323 433]]
[[323 434]]
[[324 434]]
[[324 433]]
[[945 575]]
[[945 576]]
[[948 576]]
[[947 576]]
[[946 575]]
[[861 418]]
[[861 420]]
[[862 419]]
[[862 418]]
[[866 410]]
[[866 411]]
[[868 411]]
[[867 410]]
[[892 730]]
[[893 729]]
[[894 730]]
[[893 731]]
[[890 728]]
[[891 727]]
[[892 728]]
[[891 729]]
[[881 485]]
[[879 487]]
[[879 488]]
[[878 489]]
[[881 486]]
[[940 469]]
[[941 468]]
[[942 469]]
[[941 470]]
[[482 435]]
[[482 436]]
[[484 436]]
[[484 435]]
[[543 417]]
[[544 416]]
[[545 417]]
[[544 418]]
[[499 417]]
[[500 416]]
[[501 417]]
[[500 418]]
[[388 406]]
[[389 405]]
[[390 406]]
[[389 407]]
[[536 394]]
[[537 393]]
[[538 394]]
[[537 395]]
[[533 394]]
[[534 393]]
[[535 394]]
[[534 395]]
[[495 392]]
[[496 391]]
[[497 392]]
[[496 393]]
[[633 344]]
[[634 343]]
[[635 344]]
[[634 345]]
[[660 342]]
[[661 341]]
[[662 342]]
[[661 343]]
[[704 340]]
[[705 339]]
[[706 340]]
[[705 341]]
[[388 330]]
[[389 329]]
[[390 330]]
[[389 331]]
[[717 321]]
[[718 320]]
[[719 321]]
[[718 322]]
[[749 320]]
[[750 319]]
[[751 320]]
[[750 321]]
[[249 256]]
[[250 255]]
[[251 256]]
[[250 257]]
[[218 532]]
[[217 533]]
[[217 534]]
[[218 535]]
[[217 536]]
[[218 536]]
[[218 535]]
[[219 534]]
[[218 533]]
[[951 456]]
[[952 455]]
[[953 455]]
[[954 456]]
[[953 457]]
[[952 457]]
[[532 432]]
[[533 431]]
[[534 432]]
[[534 433]]
[[533 434]]
[[532 433]]
[[179 429]]
[[180 428]]
[[181 428]]
[[182 429]]
[[181 430]]
[[180 430]]
[[579 428]]
[[580 427]]
[[581 428]]
[[581 429]]
[[580 430]]
[[579 429]]
